kmeansNonInit:[[  0   1   2 ..., 253 254 255]
 [  0   1   2 ..., 253 254 255]
 [  0   1   2 ..., 253 254 255]
 [  0   1   2 ..., 253 254 255]
 [  0   1   2 ..., 253 254 255]]
KmeansInit:[[  0   1   2 ..., 253 254 255]
 [  0   1   2 ..., 253 254 255]
 [  0   1   2 ..., 253 254 255]
 [  0   1   2 ..., 253 254 255]
 [  0   1   2 ..., 253 254 255]]
DBSCAN:[ [0, 11, 12, 18, 19, 21, 34, 36, 47, 56, 57, 64, 76, 81, 120, 123, 126, 128, 129, 134, 136, 141, 142, 144, 146, 150, 157, 164, 182, 183, 184, 188, 189, 192, 194, 195, 202, 205, 206, 215, 216, 217, 219, 220, 230, 232, 239, 241, 245, 247, 254, 255]
 [0, 11, 12, 13, 16, 17, 19, 27, 41, 43, 44, 54, 56, 62, 70, 72, 85, 91, 94, 100, 107, 112, 121, 126, 129, 137, 140, 152, 153, 160, 169, 177, 178, 184, 196, 198, 199, 206, 207, 218, 228, 231, 237, 240, 241, 242, 248, 249, 252]
 [0, 2, 5, 22, 31, 34, 47, 49, 50, 56, 58, 60, 63, 67, 70, 72, 77, 84, 87, 91, 92, 97, 99, 109, 115, 117, 118, 128, 133, 136, 139, 141, 145, 150, 153, 154, 156, 157, 160, 161, 164, 174, 176, 179, 188, 192, 202, 204, 207, 216, 221, 223, 227, 230, 232, 233, 237, 246, 247]
 [2, 10, 13, 15, 19, 21, 41, 44, 52, 53, 55, 63, 73, 78, 83, 91, 94, 109, 112, 115, 121, 158, 174, 175, 177, 180, 182, 187, 202, 207, 226, 237, 241, 251, 252]
 [6, 12, 18, 25, 41, 43, 44, 47, 53, 55, 62, 87, 91, 94, 100, 105, 117, 118, 120, 121, 124, 126, 140, 151, 159, 171, 172, 178, 180, 184, 187, 189, 202, 213, 214, 215, 216, 218, 219, 222, 232, 240, 242, 248, 249, 251]]
