ind DBSCAN conv1 :  [41, 69, 46, 46, 69]
ind MeanShift conv1 :  [8, 118, 19, 31, 79, 19, 16, 31, 41, 65, 76, 31, 50, 100]
ind DBSCAN conv2 :  [5, 9, 10, 12, 16, 17, 18, 31, 34, 36, 52, 53, 54, 61, 64, 66, 72, 83, 84, 87, 89, 90, 91, 92, 100, 108, 110, 121, 127, 137, 141, 146, 153, 154, 157, 159, 160, 166, 182, 184, 188, 194, 197, 207, 210, 212, 214, 216, 220, 221, 222, 240, 241, 251, 1, 2, 5, 6, 11, 12, 19, 23, 25, 30, 34, 36, 41, 44, 48, 55, 62, 70, 76, 92, 99, 100, 101, 108, 114, 117, 126, 128, 144, 151, 152, 161, 169, 174, 184, 187, 205, 213, 216, 218, 220, 228, 232, 238, 246, 5, 7, 11, 12, 13, 19, 21, 22, 26, 40, 56, 60, 66, 70, 92, 98, 100, 105, 110, 114, 117, 123, 129, 135, 139, 141, 142, 149, 150, 159, 160, 161, 166, 169, 173, 175, 177, 182, 188, 194, 197, 199, 202, 204, 206, 207, 212, 214, 216, 219, 220, 221, 227, 229, 231, 236, 245, 9, 12, 13, 21, 28, 44, 52, 54, 60, 64, 65, 73, 76, 83, 99, 106, 109, 118, 120, 121, 127, 128, 129, 158, 167, 174, 175, 176, 185, 187, 196, 207, 222, 226, 242, 244, 247, 252, 2, 19, 25, 36, 44, 48, 62, 63, 88, 99, 100, 103, 108, 117, 120, 124, 126, 127, 128, 134, 144, 151, 165, 184, 187, 189, 195, 213, 214, 215, 217, 218, 232, 236, 240, 242, 247, 254]
ind MeanShift conv2 :  [81, 15, 20, 22, 120, 205, 220, 252]
ind DBSCAN mp2 :  [0, 11, 12, 18, 19, 21, 34, 36, 47, 56, 57, 64, 76, 81, 120, 123, 126, 128, 129, 134, 136, 141, 142, 144, 146, 150, 157, 164, 182, 183, 184, 188, 189, 192, 194, 195, 202, 205, 206, 215, 216, 217, 219, 220, 230, 232, 239, 241, 245, 247, 254, 255, 0, 11, 12, 13, 16, 17, 19, 27, 41, 43, 44, 54, 56, 62, 70, 72, 85, 91, 94, 100, 107, 112, 121, 126, 129, 137, 140, 152, 153, 160, 169, 177, 178, 184, 196, 198, 199, 206, 207, 218, 228, 231, 237, 240, 241, 242, 248, 249, 252, 0, 2, 5, 22, 31, 34, 47, 49, 50, 56, 58, 60, 63, 67, 70, 72, 77, 84, 87, 91, 92, 97, 99, 109, 115, 117, 118, 128, 133, 136, 139, 141, 145, 150, 153, 154, 156, 157, 160, 161, 164, 174, 176, 179, 188, 192, 202, 204, 207, 216, 221, 223, 227, 230, 232, 233, 237, 246, 247, 2, 10, 13, 15, 19, 21, 41, 44, 52, 53, 55, 63, 73, 78, 83, 91, 94, 109, 112, 115, 121, 158, 174, 175, 177, 180, 182, 187, 202, 207, 226, 237, 241, 251, 252, 6, 12, 18, 25, 41, 43, 44, 47, 53, 55, 62, 87, 91, 94, 100, 105, 117, 118, 120, 121, 124, 126, 140, 151, 159, 171, 172, 178, 180, 184, 187, 189, 202, 213, 214, 215, 216, 218, 219, 222, 232, 240, 242, 248, 249, 251]
ind MeanShift mp2 :  [81, 136, 192, 240, 15, 20, 41, 90, 97, 99, 120, 150, 160, 173, 239]
ind DBSCAN dense1 :  [24, 25, 29, 32, 51, 87, 93, 113, 128, 149, 159, 165, 179, 182, 212, 241, 245, 258, 259, 298, 313, 342, 378, 386, 391, 411, 413, 416, 423, 429, 452, 475, 484, 485, 15, 46, 81, 89, 131, 153, 158, 162, 185, 190, 264, 272, 318, 321, 333, 341, 344, 356, 377, 385, 392, 411, 412, 431, 468, 475, 485, 5, 17, 24, 25, 32, 46, 59, 87, 113, 114, 120, 136, 139, 166, 179, 229, 238, 245, 255, 258, 264, 269, 278, 288, 296, 311, 318, 325, 341, 359, 405, 411, 413, 416, 418, 423, 425, 434, 436, 437, 438, 452, 463, 469, 472, 475, 497, 12, 37, 79, 180, 259, 372, 402, 414, 425, 17, 58, 81, 93, 126, 136, 143, 162, 174, 190, 266, 309, 316, 326, 351, 377, 403, 410, 424, 485]
ind MeanShift dense1 :  [16, 70, 83, 88, 107, 150, 161, 276, 286, 426, 488, 7, 34, 69, 71, 83, 88, 108, 142, 161, 275, 279, 285, 327, 355, 394, 405, 441, 459, 16, 18, 34, 38, 69, 70, 88, 275, 286, 327, 355, 376, 394, 399, 406, 444, 481, 489, 7, 24, 31, 40, 46, 50, 51, 57, 73, 77, 81, 88, 89, 97, 115, 122, 125, 129, 138, 142, 143, 150, 158, 172, 186, 189, 197, 205, 222, 223, 224, 228, 263, 264, 276, 285, 290, 293, 294, 308, 314, 318, 320, 334, 335, 339, 342, 356, 357, 367, 374, 380, 392, 403, 432, 436, 443, 445, 446, 453, 455, 456, 461, 463, 467, 473, 487, 490, 493, 499, 2, 8, 10, 11, 21, 59, 71, 85, 100, 109, 118, 129, 147, 173, 194, 195, 205, 220, 230, 255, 264, 279, 281, 283, 288, 289, 290, 292, 295, 306, 319, 320, 327, 352, 355, 368, 382, 388, 399, 409, 436, 444, 446, 448, 453, 459, 460, 463, 475, 483, 488, 489]

#######################################################################

DBSCAN

conv1
FRJA R : []
FRJA V : [41, 69]
FR RV : []
CIC R : [46]
CIC V : [46,69]

conv2
FRJA R : [5, 9, 10, 12, 16, 17, 18, 31, 34, 36, 52, 53, 54, 61, 64, 66, 72, 83, 84, 87, 89, 90, 91, 92, 100, 108, 110, 121, 127, 137, 141, 146, 153, 154, 157, 159, 160, 166, 182, 184, 188, 194, 197, 207, 210, 212, 214, 216,220, 221, 222, 240, 241, 251]
FRJA V : [1, 2, 5, 6, 11, 12, 19, 23, 25, 30, 34, 36, 41, 44, 48, 55, 62, 70, 76, 92, 99, 100, 101, 108, 114, 117, 126, 128, 144, 151, 152, 161, 169, 174, 184, 187, 205, 213, 216, 218, 220, 228, 232, 238, 246]
FR RV : [5, 7, 11, 12, 13, 19, 21, 22, 26, 40, 56, 60, 66, 70, 92, 98, 100, 105, 110, 114, 117, 123, 129, 135, 139, 141, 142, 149, 150, 159, 160, 161, 166, 169, 173, 175, 177, 182, 188, 194, 197, 199, 202, 204, 206, 207, 212, 214, 216, 219, 220, 221, 227, 229, 231, 236, 245]
CIC R : [9, 12, 13, 21, 28, 44, 52, 54, 60, 64, 65, 73, 76, 83, 99, 106, 109, 118, 120, 121, 127, 128, 129, 158, 167, 174, 175, 176, 185, 187, 196, 207, 222, 226, 242, 244, 247, 252]
CIC V : [2, 19, 25, 36, 44, 48, 62, 63, 88, 99, 100, 103, 108, 117, 120, 124, 126, 127, 128, 134, 144, 151, 165, 184, 187, 189, 195, 213, 214, 215, 217, 218, 232, 236, 240, 242, 247, 254]

mp2
FRJA R : [0, 11, 12, 18, 19, 21, 34, 36, 47, 56, 57, 64, 76, 81, 120, 123, 126, 128, 129, 134, 136, 141, 142, 144, 146, 150, 157, 164, 182, 183, 184, 188, 189, 192, 194, 195, 202, 205, 206, 215, 216, 217, 219, 220, 230, 232, 239, 241, 245, 247, 254, 255]
FRJA V : [0, 11, 12, 13, 16, 17, 19, 27, 41, 43, 44, 54, 56, 62, 70, 72, 85, 91, 94, 100, 107, 112, 121, 126, 129, 137, 140, 152, 153, 160, 169, 177, 178, 184, 196, 198, 199, 206, 207, 218, 228, 231, 237, 240, 241, 242, 248, 249, 252]
FR RV : [0, 2, 5, 22, 31, 34, 47, 49, 50, 56, 58, 60, 63, 67, 70, 72, 77, 84, 87, 91, 92, 97, 99, 109, 115, 117, 118, 128, 133, 136, 139, 141, 145, 150, 153, 154, 156, 157, 160, 161, 164, 174, 176, 179, 188, 192, 202, 204, 207, 216, 221, 223, 227, 230, 232, 233, 237, 246, 247]
CIC R : [2, 10, 13, 15, 19, 21, 41, 44, 52, 53, 55, 63, 73, 78, 83, 91, 94, 109, 112, 115, 121, 158, 174, 175, 177, 180, 182, 187, 202, 207, 226, 237, 241, 251, 252]
CIC V : [6, 12, 18, 25, 41, 43, 44, 47, 53, 55, 62, 87, 91, 94, 100, 105, 117, 118, 120, 121, 124, 126, 140, 151, 159, 171, 172, 178, 180, 184, 187, 189, 202, 213, 214, 215, 216, 218, 219, 222, 232, 240, 242, 248, 249, 251]

dense1 
FRJA R : [24, 25, 29, 32, 51, 87, 93, 113, 128, 149, 159, 165, 179, 182, 212, 241, 245, 258, 259, 298, 313, 342, 378, 386, 391, 411, 413, 416, 423, 429, 452, 475, 484, 485]
FRJA V : [15, 46, 81, 89, 131, 153, 158, 162, 185, 190, 264, 272, 318, 321, 333, 341, 344, 356, 377, 385, 392, 411, 412, 431, 468, 475, 485]
FR RV : [5, 17, 24, 25, 32, 46, 59, 87, 113, 114, 120, 136, 139, 166, 179, 229, 238, 245, 255, 258, 264, 269, 278, 288, 296, 311, 318, 325, 341, 359, 405, 411, 413, 416, 418, 423, 425, 434, 436, 437, 438, 452, 463, 469, 472, 475, 497]
CIC R : [12, 37, 79, 180, 259, 372, 402, 414, 425]
CIC V : [17, 58, 81, 93, 126, 136, 143, 162, 174, 190, 266, 309, 316, 326, 351, 377, 403, 410, 424, 485]

#############################################################################

MeanShift

conv1
FRJA R : [8, 118]
FRJA V : [19, 31, 79]
FR RV : [19]
CIC R : [16, 31, 41, 65, 76]
CIC V : [31, 50, 100]

conv2 [81, 15, 20, 22, 120, 205, 220, 252]
FRJA R : [81]
FRJA V : []
FR RV : []
CIC R : [15, 20, 22, 120, 205, 220, 252]
CIC V : []

mp2 
FRJA R : [81, 136, 192, 240]
FRJA V : []
FR RV : []
CIC R : [15, 20, 41, 90, 97, 99, 120, 150, 160, 173, 239]
CIC V : []

dense1 
FRJA R : [16, 70, 83, 88, 107, 150, 161, 276, 286, 426, 488]
FRJA V : [7, 34, 69, 71, 83, 88, 108, 142, 161, 275, 279, 285, 327, 355, 394, 405, 441, 459]
FR RV : [16, 18, 34, 38, 69, 70, 88, 275, 286, 327, 355, 376, 394, 399, 406, 444, 481, 489]
CIC R : [7, 24, 31, 40, 46, 50, 51, 57, 73, 77, 81, 88, 89, 97, 115, 122, 125, 129, 138, 142, 143, 150, 158, 172, 186, 189, 197, 205, 222, 223, 224, 228, 263, 264, 276, 285, 290, 293, 294, 308, 314, 318, 320, 334, 335, 339, 342, 356, 357, 367, 374, 380, 392, 403, 432, 436, 443, 445, 446, 453, 455, 456, 461, 463, 467, 473, 487, 490, 493, 499]
CIC V : [2, 8, 10, 11, 21, 59, 71, 85, 100, 109, 118, 129, 147, 173, 194, 195, 205, 220, 230, 255, 264, 279, 281, 283, 288, 289, 290, 292, 295, 306, 319, 320, 327, 352, 355, 368, 382, 388, 399, 409, 436, 444, 446, 448, 453, 459, 460, 463, 475, 483, 488, 489]
