kmeansNonInit:[[  0   1   2 ..., 253 254 255]
 [  0   1   2 ..., 253 254 255]
 [  0   1   2 ..., 253 254 255]
 [  0   1   2 ..., 253 254 255]
 [  0   1   2 ..., 253 254 255]]
KmeansInit:[[  0   1   2 ..., 253 254 255]
 [  0   1   2 ..., 253 254 255]
 [  0   1   2 ..., 253 254 255]
 [  0   1   2 ..., 253 254 255]
 [  0   1   2 ..., 253 254 255]]
DBSCAN:[ [5, 9, 10, 12, 16, 17, 18, 31, 34, 36, 52, 53, 54, 61, 64, 66, 72, 83, 84, 87, 89, 90, 91, 92, 100, 108, 110, 121, 127, 137, 141, 146, 153, 154, 157, 159, 160, 166, 182, 184, 188, 194, 197, 207, 210, 212, 214, 216, 220, 221, 222, 240, 241, 251]
 [1, 2, 5, 6, 11, 12, 19, 23, 25, 30, 34, 36, 41, 44, 48, 55, 62, 70, 76, 92, 99, 100, 101, 108, 114, 117, 126, 128, 144, 151, 152, 161, 169, 174, 184, 187, 205, 213, 216, 218, 220, 228, 232, 238, 246]
 [5, 7, 11, 12, 13, 19, 21, 22, 26, 40, 56, 60, 66, 70, 92, 98, 100, 105, 110, 114, 117, 123, 129, 135, 139, 141, 142, 149, 150, 159, 160, 161, 166, 169, 173, 175, 177, 182, 188, 194, 197, 199, 202, 204, 206, 207, 212, 214, 216, 219, 220, 221, 227, 229, 231, 236, 245]
 [9, 12, 13, 21, 28, 44, 52, 54, 60, 64, 65, 73, 76, 83, 99, 106, 109, 118, 120, 121, 127, 128, 129, 158, 167, 174, 175, 176, 185, 187, 196, 207, 222, 226, 242, 244, 247, 252]
 [2, 19, 25, 36, 44, 48, 62, 63, 88, 99, 100, 103, 108, 117, 120, 124, 126, 127, 128, 134, 144, 151, 165, 184, 187, 189, 195, 213, 214, 215, 217, 218, 232, 236, 240, 242, 247, 254]]
